416732594669
170809808618
46973373523
473095091913
808455842134
931781515708
278829477724
808544477094
368788650997
868279713733
345493469568
443093097481
695604252375
282715464676
915297205714
466854900210
587932347718
883584625769
113446096313
399467626271
66535147203
597859861092
322107830500
844391704388
457973544487
40596110312
643167779485
307162132304
627976123486
297853405414
404145901286
540458406536
414400578753
393460675118
694439158800
34470639573
98013392250
793050523814
713763744784
407347167664
111310406989
789992504010
359354883395
40335524047
782235587623
31163400508
511791575380
632290259022
782493010393
851594594053
563201621203
417937079156
809174397183
325615844341
881145333243
343425085913
472398950618
644497093465
407595441070
678450293301
399157022405
843451742130
835817763555
23207244645
71485610782
23302250731
133246667247
32912085538
639317174609
175378240243
886927846671
540671287444
113124055545
277658451292
876141076501
602003252652
441347555770
940685206983
94753073311
695725111045
238770825223
379566522177
34805316902
56436938005
921347123358
536070564636
282202076773
101258050112
912596485053
862655207009
637441035468
428281249607
595151866168
153614575658
229187755966
596751829264
69002064219
33023224004
128560102418
165025351417
